solver: Ant
problem: pid
Pop Size: 29
0, 0.0877, 0
1, 0.0877, 3.268
2, 0.0877, 6.058
3, 0.0877, 8.715
4, 0.0877, 11.755
5, 0.0877, 14.722
6, 0.0877, 17.422
7, 0.0877, 19.903
8, 0.0877, 22.379
9, 0.0877, 24.849
10, 0.0877, 27.45
11, 0.0877, 30.075
12, 0.0877, 32.948
13, 0.0877, 35.493
14, 0.0877, 37.961
15, 0.0877, 40.431
16, 0.0877, 43.12
17, 0.0877, 46.024
18, 0.0877, 48.603
19, 0.0877, 51.349
Total Time: 2.487 seconds
Latency Time: 52.711 seconds
Difference: -50.224 seconds
*****************************

solver: Amoeba
problem: pid
0, 0.0712, 0
1, 0.0712, 2.563
2, 0.0712, 5.506
3, 0.0712, 8.394
4, 0.0712, 11.801
5, 0.0572, 14.576
6, 0.0572, 17.739
7, 0.0572, 20.332
8, 0.0572, 22.915
9, 0.0572, 25.65
10, 0.0572, 28.243
11, 0.0572, 30.901
12, 0.0572, 33.985
13, 0.0572, 37.29
14, 0.0572, 39.912
15, 0.0572, 42.6
16, 0.0572, 45.593
17, 0.0572, 48.234
18, 0.0572, 51.211
19, 0.0572, 53.962
Total Time: 2.936 seconds
Latency Time: 59.153 seconds
Difference: -56.217 seconds
*****************************

solver: Bee
problem: pid
0, 0.1582, 0
1, 0.0891, 3.608
2, 0.0877, 5.4
3, 0.0877, 8.461
4, 0.0659, 9.782
5, 0.0659, 12.194
6, 0.0659, 13.527
7, 0.0659, 15.322
8, 0.0659, 17.576
9, 0.0659, 18.957
10, 0.0659, 20.288
11, 0.0659, 21.674
12, 0.0659, 23.851
13, 0.0659, 25.35
14, 0.0659, 26.828
15, 0.0659, 29.039
16, 0.0659, 30.415
17, 0.0659, 31.851
18, 0.0659, 33.439
19, 0.0659, 34.984
Total Time: 1.506 seconds
Latency Time: 36.573 seconds
Difference: -35.067 seconds
*****************************

solver: Cuckoo
problem: pid
0, 1.0581, 0
1, 0.6855, 3.756
2, 0.0913, 7.02
3, 0.0913, 10.159
4, 0.0913, 13.501
5, 0.0913, 16.542
6, 0.0913, 19.961
7, 0.0913, 23.281
8, 0.0913, 26.425
9, 0.0913, 29.776
10, 0.0913, 32.871
11, 0.0913, 35.87
12, 0.0913, 39.134
13, 0.0913, 42.964
14, 0.0913, 46.617
15, 0.0913, 50.024
16, 0.0913, 53.351
17, 0.0913, 56.619
18, 0.0913, 60.119
19, 0.0913, 63.745
Total Time: 3.395 seconds
Latency Time: 70.854 seconds
Difference: -67.459 seconds
*****************************

solver: Flock
problem: pid
0, 0.0729, 0
1, 0.0729, 4.837
2, 0.0729, 9.901
3, 0.0729, 15.045
4, 0.0729, 20.923
5, 0.0729, 26.234
6, 0.0603, 31.77
7, 0.0603, 37.022
8, 0.0603, 42.113
9, 0.0603, 47.233
10, 0.0603, 52.244
11, 0.0603, 57.287
12, 0.0603, 62.478
13, 0.0584, 67.572
14, 0.0584, 72.518
15, 0.0584, 78.143
16, 0.0584, 83.737
17, 0.0584, 89.025
18, 0.0584, 94.742
19, 0.0584, 99.908
Total Time: 4.918 seconds
Latency Time: 107.957 seconds
Difference: -103.039 seconds
*****************************

solver: FlockPred
problem: pid
0, 0.0621, 0
1, 0.0621, 14.375
2, 0.0621, 29.638
3, 0.0621, 43.586
4, 0.0621, 57.496
5, 0.0621, 71.555
6, 0.0621, 86.438
7, 0.0621, 101.99
8, 0.0621, 117.483
9, 0.0621, 131.536
10, 0.0621, 146.549
11, 0.0621, 160.657
12, 0.0621, 175.038
13, 0.0621, 188.444
14, 0.0621, 202.737
