-2 -2 -2 -2 -2 -2 -2 -2 -2 -2
807508.3785 1492469.9992 1611869.7864 1499038.9876 609192.2830 299318.7550 1622607.4377 1562865.2642 1449656.3493 1409761.7028 
807508.3785 1492469.9992 1611869.7864 1499038.9876 609192.2830 1449023.7455 1622607.4377 1562865.2642 1449656.3493 1409761.7028 
1685388.3771 1634347.6019 1611869.7864 1499038.9876 609192.2830 1449023.7455 1622607.4377 1562865.2642 1449656.3493 1409761.7028 
1685388.3771 1634347.6019 1611869.7864 1499038.9876 1455787.9936 1449023.7455 1622607.4377 1562865.2642 1685594.1533 1409761.7028 
1685388.3771 1694899.6246 1611869.7864 1499038.9876 1464824.5994 1449023.7455 1638901.2052 1562865.2642 1685594.1533 1680640.4830 
1687520.1556 1694899.6246 1611869.7864 1499038.9876 1634245.2459 1449023.7455 1638901.2052 1691143.1116 1685594.1533 1680640.4830 
1687520.1556 1694899.6246 1611869.7864 1499038.9876 1634245.2459 1449023.7455 1638901.2052 1691143.1116 1685594.1533 1680640.4830 
1687520.1556 1694899.6246 1611869.7864 1499038.9876 1634245.2459 1449023.7455 1638901.2052 1691143.1116 1685594.1533 1680640.4830 
1687520.1556 1694899.6246 1611869.7864 1648676.6321 1634245.2459 1449023.7455 1638901.2052 1691143.1116 1685594.1533 1691383.5445 
1687520.1556 1694899.6246 1611869.7864 1648676.6321 1634245.2459 1449023.7455 1638901.2052 1691143.1116 1685594.1533 1691383.5445 
1687520.1556 1694899.6246 1611869.7864 1648676.6321 1634245.2459 1449023.7455 1638901.2052 1691143.1116 1685594.1533 1691383.5445 
1687520.1556 1694899.6246 1611869.7864 1648676.6321 1685460.6360 1449023.7455 1638901.2052 1691143.1116 1685594.1533 1691383.5445 
1687520.1556 1694899.6246 -1.0000 1648676.6321 1685460.6360 1449023.7455 1638901.2052 1691143.1116 1685594.1533 1691383.5445 
-2 -2 -2 -2 -2 -2 -2 -2 -2 -2
