****
FlockPred
0
807508.378513
[-165.1984, -164.7763, 33.1816, 2.1058, -25.2939, -21.6590]
807508.378513
[-165.1984, -164.7763, 33.1816, 2.1058, -25.2939, -21.6590]
1685388.37711
[-168.3667, -137.5964, 16.3172, 17.1372, -52.0070, -1.8548]
1685388.37711
[-168.3667, -137.5964, 16.3172, 17.1372, -52.0070, -1.8548]
1685388.37711
[-168.3667, -137.5964, 16.3172, 17.1372, -52.0070, -1.8548]
1687520.15556
[-175.3982, -123.8961, -96.8143, 40.7709, 62.7233, -73.6613]
1687520.15556
[-175.3982, -123.8961, -96.8143, 40.7709, 62.7233, -73.6613]
1687520.15556
[-175.3982, -123.8961, -96.8143, 40.7709, 62.7233, -73.6613]
1687520.15556
[-175.3982, -123.8961, -96.8143, 40.7709, 62.7233, -73.6613]
1687520.15556
[-175.3982, -123.8961, -96.8143, 40.7709, 62.7233, -73.6613]
1687520.15556
[-175.3982, -123.8961, -96.8143, 40.7709, 62.7233, -73.6613]
1687520.15556
[-175.3982, -123.8961, -96.8143, 40.7709, 62.7233, -73.6613]
1687520.15556
[-175.3982, -123.8961, -96.8143, 40.7709, 62.7233, -73.6613]
1
1492469.99922
[67.7715, -147.5882, -109.6520, -86.6771, -115.3363, 39.5384]
1492469.99922
[67.7715, -147.5882, -109.6520, -86.6771, -115.3363, 39.5384]
1634347.60189
[133.0903, -373.2488, -293.6633, -284.3293, -233.0594, -154.6289]
1634347.60189
[133.0903, -373.2488, -293.6633, -284.3293, -233.0594, -154.6289]
1694899.62458
[113.0375, -306.9097, -213.5839, -147.2049, -127.3172, 5.7260]
1694899.62458
[113.0375, -306.9097, -213.5839, -147.2049, -127.3172, 5.7260]
1694899.62458
[113.0375, -306.9097, -213.5839, -147.2049, -127.3172, 5.7260]
1694899.62458
[113.0375, -306.9097, -213.5839, -147.2049, -127.3172, 5.7260]
1694899.62458
[113.0375, -306.9097, -213.5839, -147.2049, -127.3172, 5.7260]
1694899.62458
[113.0375, -306.9097, -213.5839, -147.2049, -127.3172, 5.7260]
1694899.62458
[113.0375, -306.9097, -213.5839, -147.2049, -127.3172, 5.7260]
1694899.62458
[113.0375, -306.9097, -213.5839, -147.2049, -127.3172, 5.7260]
1694899.62458
[113.0375, -306.9097, -213.5839, -147.2049, -127.3172, 5.7260]
2
1611869.78643
[-124.9671, -18.8233, -42.5446, 12.0099, -29.7055, -48.9886]
1611869.78643
[-124.9671, -18.8233, -42.5446, 12.0099, -29.7055, -48.9886]
1611869.78643
[-124.9671, -18.8233, -42.5446, 12.0099, -29.7055, -48.9886]
1611869.78643
[-124.9671, -18.8233, -42.5446, 12.0099, -29.7055, -48.9886]
1611869.78643
[-124.9671, -18.8233, -42.5446, 12.0099, -29.7055, -48.9886]
1611869.78643
[-124.9671, -18.8233, -42.5446, 12.0099, -29.7055, -48.9886]
1611869.78643
[-124.9671, -18.8233, -42.5446, 12.0099, -29.7055, -48.9886]
1611869.78643
[-124.9671, -18.8233, -42.5446, 12.0099, -29.7055, -48.9886]
1611869.78643
[-124.9671, -18.8233, -42.5446, 12.0099, -29.7055, -48.9886]
1611869.78643
[-124.9671, -18.8233, -42.5446, 12.0099, -29.7055, -48.9886]
1611869.78643
[-124.9671, -18.8233, -42.5446, 12.0099, -29.7055, -48.9886]
1611869.78643
[-124.9671, -18.8233, -42.5446, 12.0099, -29.7055, -48.9886]
3
1499038.98757
[22.2748, -43.6668, -104.6405, -131.6182, -73.6763, 37.5430]
1499038.98757
[22.2748, -43.6668, -104.6405, -131.6182, -73.6763, 37.5430]
1499038.98757
[22.2748, -43.6668, -104.6405, -131.6182, -73.6763, 37.5430]
1499038.98757
[22.2748, -43.6668, -104.6405, -131.6182, -73.6763, 37.5430]
1499038.98757
[22.2748, -43.6668, -104.6405, -131.6182, -73.6763, 37.5430]
1499038.98757
[22.2748, -43.6668, -104.6405, -131.6182, -73.6763, 37.5430]
1499038.98757
[22.2748, -43.6668, -104.6405, -131.6182, -73.6763, 37.5430]
1499038.98757
[22.2748, -43.6668, -104.6405, -131.6182, -73.6763, 37.5430]
1648676.63207
[15.3928, -38.6423, -100.5799, -133.8006, -63.5900, 33.8701]
1648676.63207
[15.3928, -38.6423, -100.5799, -133.8006, -63.5900, 33.8701]
1648676.63207
[15.3928, -38.6423, -100.5799, -133.8006, -63.5900, 33.8701]
1648676.63207
[15.3928, -38.6423, -100.5799, -133.8006, -63.5900, 33.8701]
1648676.63207
[15.3928, -38.6423, -100.5799, -133.8006, -63.5900, 33.8701]
4
609192.283011
[-171.0743, 6.8266, -58.3727, -18.1783, 20.4342, -78.8497]
609192.283011
[-171.0743, 6.8266, -58.3727, -18.1783, 20.4342, -78.8497]
609192.283011
[-171.0743, 6.8266, -58.3727, -18.1783, 20.4342, -78.8497]
1455787.99361
[-180.3464, 12.1192, -42.9991, -31.2898, 18.4242, -82.5367]
1464824.59941
[-252.8284, -73.3379, -70.8197, 10.6219, 14.0578, -14.8082]
1634245.24595
[-268.7878, -6.6961, 1.4539, -1.5379, -59.5376, -65.0879]
1634245.24595
[-268.7878, -6.6961, 1.4539, -1.5379, -59.5376, -65.0879]
1634245.24595
[-268.7878, -6.6961, 1.4539, -1.5379, -59.5376, -65.0879]
1634245.24595
[-268.7878, -6.6961, 1.4539, -1.5379, -59.5376, -65.0879]
1634245.24595
[-268.7878, -6.6961, 1.4539, -1.5379, -59.5376, -65.0879]
1634245.24595
[-268.7878, -6.6961, 1.4539, -1.5379, -59.5376, -65.0879]
1685460.63598
[-266.8868, 0.0626, 5.3824, -17.3433, -44.2386, -74.7239]
1685460.63598
[-266.8868, 0.0626, 5.3824, -17.3433, -44.2386, -74.7239]
5
299318.754982
[-144.1508, 28.4181, -42.1375, 15.8387, -116.3347, -38.1381]
1449023.74548
[-335.8608, 55.9880, 9.0889, -68.8511, -187.4135, -77.7896]
1449023.74548
[-335.8608, 55.9880, 9.0889, -68.8511, -187.4135, -77.7896]
1449023.74548
[-335.8608, 55.9880, 9.0889, -68.8511, -187.4135, -77.7896]
1449023.74548
[-335.8608, 55.9880, 9.0889, -68.8511, -187.4135, -77.7896]
1449023.74548
[-335.8608, 55.9880, 9.0889, -68.8511, -187.4135, -77.7896]
1449023.74548
[-335.8608, 55.9880, 9.0889, -68.8511, -187.4135, -77.7896]
1449023.74548
[-335.8608, 55.9880, 9.0889, -68.8511, -187.4135, -77.7896]
1449023.74548
[-335.8608, 55.9880, 9.0889, -68.8511, -187.4135, -77.7896]
1449023.74548
[-335.8608, 55.9880, 9.0889, -68.8511, -187.4135, -77.7896]
1449023.74548
[-335.8608, 55.9880, 9.0889, -68.8511, -187.4135, -77.7896]
1449023.74548
[-335.8608, 55.9880, 9.0889, -68.8511, -187.4135, -77.7896]
1449023.74548
[-335.8608, 55.9880, 9.0889, -68.8511, -187.4135, -77.7896]
6
1622607.43768
[-184.1972, -46.0231, 14.1895, 26.0533, -148.8569, -9.0850]
1622607.43768
[-184.1972, -46.0231, 14.1895, 26.0533, -148.8569, -9.0850]
1622607.43768
[-184.1972, -46.0231, 14.1895, 26.0533, -148.8569, -9.0850]
1622607.43768
[-184.1972, -46.0231, 14.1895, 26.0533, -148.8569, -9.0850]
1638901.20522
[-254.8254, -52.1967, 2.0557, -36.6864, -134.6100, 51.7433]
1638901.20522
[-254.8254, -52.1967, 2.0557, -36.6864, -134.6100, 51.7433]
1638901.20522
[-254.8254, -52.1967, 2.0557, -36.6864, -134.6100, 51.7433]
1638901.20522
[-254.8254, -52.1967, 2.0557, -36.6864, -134.6100, 51.7433]
1638901.20522
[-254.8254, -52.1967, 2.0557, -36.6864, -134.6100, 51.7433]
1638901.20522
[-254.8254, -52.1967, 2.0557, -36.6864, -134.6100, 51.7433]
1638901.20522
[-254.8254, -52.1967, 2.0557, -36.6864, -134.6100, 51.7433]
1638901.20522
[-254.8254, -52.1967, 2.0557, -36.6864, -134.6100, 51.7433]
1638901.20522
[-254.8254, -52.1967, 2.0557, -36.6864, -134.6100, 51.7433]
7
1562865.26417
[42.3390, -162.8688, -133.6114, -115.3580, 18.5633, 1.3740]
1562865.26417
[42.3390, -162.8688, -133.6114, -115.3580, 18.5633, 1.3740]
1562865.26417
[42.3390, -162.8688, -133.6114, -115.3580, 18.5633, 1.3740]
1562865.26417
[42.3390, -162.8688, -133.6114, -115.3580, 18.5633, 1.3740]
1562865.26417
[42.3390, -162.8688, -133.6114, -115.3580, 18.5633, 1.3740]
1691143.11158
[79.0534, -240.2251, -207.5691, -186.7927, 28.6863, -32.7219]
1691143.11158
[79.0534, -240.2251, -207.5691, -186.7927, 28.6863, -32.7219]
1691143.11158
[79.0534, -240.2251, -207.5691, -186.7927, 28.6863, -32.7219]
1691143.11158
[79.0534, -240.2251, -207.5691, -186.7927, 28.6863, -32.7219]
1691143.11158
[79.0534, -240.2251, -207.5691, -186.7927, 28.6863, -32.7219]
1691143.11158
[79.0534, -240.2251, -207.5691, -186.7927, 28.6863, -32.7219]
1691143.11158
[79.0534, -240.2251, -207.5691, -186.7927, 28.6863, -32.7219]
1691143.11158
[79.0534, -240.2251, -207.5691, -186.7927, 28.6863, -32.7219]
8
1449656.34934
[-173.1371, -125.0179, 8.4930, -0.2254, -189.7690, 64.9003]
1449656.34934
[-173.1371, -125.0179, 8.4930, -0.2254, -189.7690, 64.9003]
1449656.34934
[-173.1371, -125.0179, 8.4930, -0.2254, -189.7690, 64.9003]
1685594.15334
[-186.1683, -142.0371, 12.7153, -8.7892, -219.8260, 72.4822]
1685594.15334
[-186.1683, -142.0371, 12.7153, -8.7892, -219.8260, 72.4822]
1685594.15334
[-186.1683, -142.0371, 12.7153, -8.7892, -219.8260, 72.4822]
1685594.15334
[-186.1683, -142.0371, 12.7153, -8.7892, -219.8260, 72.4822]
1685594.15334
[-186.1683, -142.0371, 12.7153, -8.7892, -219.8260, 72.4822]
1685594.15334
[-186.1683, -142.0371, 12.7153, -8.7892, -219.8260, 72.4822]
1685594.15334
[-186.1683, -142.0371, 12.7153, -8.7892, -219.8260, 72.4822]
1685594.15334
[-186.1683, -142.0371, 12.7153, -8.7892, -219.8260, 72.4822]
1685594.15334
[-186.1683, -142.0371, 12.7153, -8.7892, -219.8260, 72.4822]
1685594.15334
[-186.1683, -142.0371, 12.7153, -8.7892, -219.8260, 72.4822]
9
1409761.70283
[-7.4711, -27.5506, -108.7753, -82.4444, 4.4552, -28.9719]
1409761.70283
[-7.4711, -27.5506, -108.7753, -82.4444, 4.4552, -28.9719]
1409761.70283
[-7.4711, -27.5506, -108.7753, -82.4444, 4.4552, -28.9719]
1409761.70283
[-7.4711, -27.5506, -108.7753, -82.4444, 4.4552, -28.9719]
1680640.48299
[-13.3634, -6.4465, -153.5771, -168.5211, 59.9019, -69.5821]
1680640.48299
[-13.3634, -6.4465, -153.5771, -168.5211, 59.9019, -69.5821]
1680640.48299
[-13.3634, -6.4465, -153.5771, -168.5211, 59.9019, -69.5821]
1680640.48299
[-13.3634, -6.4465, -153.5771, -168.5211, 59.9019, -69.5821]
1691383.5445
[-17.3955, -4.1866, -166.4070, -191.5107, 70.1237, -81.0658]
1691383.5445
[-17.3955, -4.1866, -166.4070, -191.5107, 70.1237, -81.0658]
1691383.5445
[-17.3955, -4.1866, -166.4070, -191.5107, 70.1237, -81.0658]
1691383.5445
[-17.3955, -4.1866, -166.4070, -191.5107, 70.1237, -81.0658]
1691383.5445
[-17.3955, -4.1866, -166.4070, -191.5107, 70.1237, -81.0658]
10
